00000000000000000000000000000000000000000000000000000000000000000000000000000000
00000000000000000000000000000000000000000000000000000000000000000000000000000000
00000000000000000000000000000000000000000000000000000000000000000000000000000000
00000000000000000000000000000000000000000000000000000000000000000000000000000000
00000000000000000000000000000000000000000000000000000000000000000000000000000000
00000001110001110000000000000000000000000000000001000001000000000000000000000000
00000000000000000000000000000000000000000000000001000001000000000000000000000000
00000100001010000100000000000000000000000000000001100011000000000000000000000000
00000100001010000100000000000000000000000000000000000000000000000000000000000000
00000100001010000100000000000000000000000000011100110110011100000000000000000000
00000001110001110000000000000000000000000000000101010101010000000000000000000000
00000000000000000000000000000000000000000000000001100011000000000000000000000000
00000001110001110000000000000000000000000000000000000000000000000000000000000000
00000100001010000100000000000000000000000000000001100011000000000000000000000000
00000100001010000100000000000000000000000000000101010101010000000000000000000000
00000100001010000100000000000000000000000000011100110110011100000000000000000000
00000000000000000000000000000000000000000000000000000000000000000000000000000000
00000001110001110000000000000000000000000000000001100011000000000000000000000000
00000000000000000000000000000000000000000000000001000001000000000000000000000000
00000000000000000000000000000000000000000000000001000001000000000000000000000000
00000000000000000000000000000000000000000000000000000000000000000000000000000000
00000000000000000000000000000000000000000000000000000000000000000000000000000000
00000000000000000000000000000000000000000000000000000000000000000000000000000000
00000000000000000000000000000000000000000000000000000000000000000000000000000000
00000000000000000000000000000000000000000000000000000000000000000000000000000000