01100000000000110000000000000010110000000000000000000000000100010000000000000000
00010100100000000100000000101000000000001100010000010000000000001000000000000010
00000000010100000100000000000010010000000010010000000001000010000000010000000100
00000000100000100000000000000010100000000000000000000100000001100000000000101000
00000000000000000000000010000011000001100000000000000000000001000000000010001000
00000000010100010001000010010000000000000000000010000000000100010010000000100100
00000000001000000000000000100000000000000000100001101100010000100001000000101000
00000000010100010010000000000000110001000000000100000000000000101000000000000000
00000000000100000000000010000000010000001010010000000001010000000011000000000000
00101100000100000000000010010000000000000000000100000000000001001000000000001000
00010000000100000100000000001000000011001000000010000000000000000001000000000000
00000000000010100000000000000000000100000000000100000001000010010010000000000100
00000100100000000000101000100000011010000000000001001000000000110001000000000000
00000001000000000000000000000000000000010000010000000000000000000001100100000100
01101100000000000000100100000000000000100100000000000000000010010000000010000110
00000001000000000010000000001000000000000000010000000000010010100000000000000000
00000000000000000001000000100010000010000000010000000010000000001100000100000000
01000100010000000000000000010000000100000000010000000000000010100010010000000000
00000000000000100000000000000000000010000000100000000000000100000000100000000010
00000100000100000000110010000000000000000100000010000000001010000001111000000100
00100000000000000000000000000000011000011001000000100001000100100000010000000000
10000010000000010000010100000000000000000001000000100001000000000010100010000000
00000100000000000000001000000001000000000010000000000100000000000000000000001010
01000000100001000000000000000000000000000000000000001000000100100001010100000010
00000001000000000000100010010000101000000000110000000001000000000000000000000000