00100000001000000001000100100000001000000000000000000000000100000000000000000010
00001001010000000000000000000001001010001011000010000000001000000000000100000000
00000100100000000000000010000000000000010001000000000000000000000000101000100000
00011100010000000000000011000001001000001000001010000100000000000110011000000000
00000000101000100100000000000000100000000000010000000000100000000000000001000000
00000000010000000000000000000000000000001000001000000000000000100000000000010000
00100000000000000000000000000000000000000000000011000000000100010000000000010010
01100000100000001000001100000000100001000000001000000000010000000000000100000100
00101001000000100000000000001000001000000000010100100000000000000000000000000000
01100000000000000000001100000000000000000100000000000100001000000000000010010000
00100000000010100010010001000010010000000000000010000000000100000000000000000000
00000000000000101000000000000000000000000000000010100110000000000001000000010010
00000000000000001010000000010001000000000000000000000000000000000100110000001000
00000010001000010000000000100000010000000100000000000000000010100000100001000000
00000000001000100010001100010010010100001000100000000001000000000100101000000000
00001000000101000000000001000000010000000010000000000000000011000000100000000000
10000000100000010000001000010000000101000110001100000011000000010000110000000100
00000000000000000000000000000100010010000000000010000000010000010000001000010000
01000000000000001000000000010010010010001001001010000000000000000000100000000000
00001100001010000100000000000000000000010000000100101001001000100000000000100000
00000001100000000000000100001000100000000000000000000000000010000000000000010000
00000000110100000001000000000000001001000000000010000000000000000000000011010100
00000001000000000000000001100000100001000000100000000000000000100000000000000000
00000000010000000000010000101000000000010000001100000000000000000100010000000010
00000010100000000000000000000100100000000000000000010000000000001000000101010000