00000000000000000100000000000000000000000000000000100010000010000001000000010000
00010000000000000000000000001100110000100000000000001000000000000000000010000000
00000000000000000000001000000000000000000000000000000000000000100000000000000000
00000000000000000000000010000001000000100000000000010000000000000000010000000010
00000000000000000010000010000001000000000101100100000000000000000100000000101000
00000000000000000010100000000000010001100000000010100000000001100000000100100000
00000001000001101001100000100001000000000000000000011000000000000010000000000000
01000000000000000100000000000000001000000000000000001000000000000100000100000000
01000100000000000100001001000000110000000001010100001000000000010000000001111000
00000010000000000000000000000110000000010000000010000000000000000000000000000000
10100000010000001000000001000000001000000100000000000000000000000000010000000000
00000000100000000000000000000000000010000000000001000000000000001010010001000000
00000000000000000000000010000000100000000100000000000000000001000000000000000000
00000000000000100000100000010000110000000000000000001000001100100100000000000101
00100010001000000100000000000000000000000000000000001000010100000010001000000000
00000100000010000000000100100010000000000000100000000000000000010000000000000000
00000000001000000000000000000000000000000000110010000010100000000010000000000001
00000010100000001000000000000000101000000101000000000000001000000000000010100000
00000010000000000001000000000110000000001000000000000000000000110000001000010000
00000011000000011000000000000000000000000010000100100000000000101001000001000001
00010000000000000100010000000000000100010000101000000001010010100010010001000000
00000000000001000001000000000000000000000000011000001000000000000000110000000000
00000010000100001100000010000000000000000000000001100000000000000100000000000100
00000000010000001000001000000000010001000000000000010000000000000000010000000001
00100011000000000000000000000100100000000101000010000000001000000000000000000000